30
6
5 2 4 6 3 1
6
2 4 8 16 32 64
3
1 1 1
3
200000 200000 200000
200
66579 73468 90444 142890 182930 40995 13454 143205 104463 115191 112120 171502 152606 137669 84420 71421 113133 199269 113036 92596 30578 27022 101459 158733 95833 198944 26141 175288 32254 80993 70222 93031 18162 157991 12420 123433 144290 116773 119986 110692 25374 123532 165394 56321 59378 96032 189478 111575 172171 73973 134011 148575 191477 13837 43737 88462 34902 58444 189005 187705 604 122628 31307 41463 146879 106035 122544 29716 99267 51503 67490 171960 158073 172945 142778 87787 154845 65026 3136 6536 67880 91824 29590 31720 126225 185996 122014 124881 177930 17179 9463 41526 174808 149783 129643 108022 35741 171072 73146 71365 47352 98875 199572 100824 123201 31479 39700 86546 116761 18722 15989 124758 114288 115969 182726 116622 108753 122721 119254 95401 140012 54609 164447 187685 172287 165435 36646 23792 81140 60159 1887 121915 45587 46306 58572 23072 77606 20614 164659 123540 197382 190511 128042 3268 139471 112200 146564 20876 51560 140719 80717 100354 160044 69030 139156 113659 11837 13255 192656 27549 90458 56303 16396 108793 98841 12879 56135 97658 141359 11198 38130 57696 120860 116657 166117 151153 38001 130044 102933 23078 199286 186583 162805 181986 13654 132448 92676 53238 171662 184158 140364 22615 109348 128309 52836 128485 24762 2505 132956 32431
200
0 0 0 0 0 0 0 0 0 0 0 0 0 0 0 0 0 0 0 0 0 0 0 0 0 0 0 0 0 0 0 0 0 0 0 0 0 0 0 0 0 0 0 0 0 0 0 0 0 0 0 0 0 0 0 0 0 0 0 0 0 0 0 0 0 0 0 0 0 0 0 0 0 0 0 0 0 0 0 0 0 0 0 0 0 0 0 0 0 0 0 0 0 0 0 0 0 0 0 0 141083 91163 31994 46054 15687 144690 47231 79427 59475 113655 187127 23921 144354 178208 92386 192012 162397 65159 104224 69299 48210 139938 45517 145644 30219 155980 98571 137257 100022 34386 163073 14983 21913 7032 5015 91812 96718 191149 56943 143644 45111 37895 78137 112046 9868 92549 177889 37817 111166 130732 20762 29401 7911 172184 21135 165661 78193 132404 150458 145515 108302 112347 87869 118779 131438 190164 58353 23535 32857 63324 150570 1029 46476 110658 173202 9984 3420 189133 92030 137433 91809 139651 1187 67143 76531 45388 16395 121776 39774 138913 170301 50814 169651 63588 83245 43514 3713 116491 22033 90012
200
9595 15390 37335 39900 2755 4940 38000 23370 3135 9120 29545 11590 3230 26361 42282 102573 109620 7569 13572 104400 64206 8613 25056 81171 31842 8874 505 810 1965 2100 145 260 2000 1230 165 480 1555 610 170 6363 10206 24759 26460 1827 3276 25200 15498 2079 6048 19593 7686 2142 32522 52164 126546 135240 9338 16744 128800 79212 10626 30912 100142 39284 10948 41410 66420 161130 172200 11890 21320 164000 100860 13530 39360 127510 50020 13940 24644 39528 95892 102480 7076 12688 97600 60024 8052 23424 75884 29768 8296 10807 17334 42051 44940 3103 5564 42800 26322 3531 10272 33277 13054 3638 21917 35154 85281 91140 6293 11284 86800 53382 7161 20832 67487 26474 7378 24644 39528 95892 102480 7076 12688 97600 60024 8052 23424 75884 29768 8296 33633 53946 130869 139860 9657 17316 133200 81918 10989 31968 103563 40626 11322 27270 43740 106110 113400 7830 14040 108000 66420 8910 25920 83970 32940 9180 31613 50706 123009 131460 9077 16276 125200 76998 10329 30048 97343 38186 10642 95 261 5 63 322 410 244 107 217 244 333 270 313 101 162 393 420 29 52 400 246 33 96 311 122 34 137230 3624 124218 126271 188823
200
11661 10143 6141 27876 20700 17457 1587 10074 1794 74698 64974 39338 178568 132600 111826 10166 64532 11492 64558 56154 33998 154328 114600 96646 8786 55772 9932 40222 34986 21182 96152 71400 60214 5474 34748 6188 32955 28665 17355 78780 58500 49335 4485 28470 5070 56953 49539 29993 136148 101100 85261 7751 49202 8762 13858 12054 7298 33128 24600 20746 1886 11972 2132 42757 37191 22517 102212 75900 64009 5819 36938 6578 25688 22344 13528 61408 45600 38456 3496 22192 3952 69 442 382 238 195 337 82 253 152 169 147 89 404 300 253 23 146 26 13676 72888 23700 138104 11257 189142 20594 17838 113285 137497 145827 111806 2415 68558 15282 174747 12741 186759 141992 123226 37965 168393 132911 93769 141662 36955 111449 10510 83458 188487 11611 152056 53166 196266 13589 180299 52804 40630 133343 56806 48428 91025 152919 166645 66721 142225 41700 123932 178635 158374 177536 103551 195558 2843 380 152655 148889 150306 184040 73152 32987 143190 8005 136270 91830 20594 40022 69035 2228 24881 99140 156707 190461 110695 17000 109270 63073 73233 190780 132015 102391 111898 27404 74702 97914 97473 128741 148233 119720 87839 76917 65298 166263 38535 51879 94151 179665 174727 121218 161475 197834
200
131073 131073 65537 65537 65537 65537 65537 65537 65537 131073 131073 131073 131073 131073 65537 65537 65537 131073 131073 65537 65537 131073 65537 131073 65537 131073 65537 131073 131073 131073 65537 131073 65537 131073 65537 131073 131073 65537 65537 131073 65537 131073 65537 65537 65537 65537 65537 65537 65537 131073 65537 65537 131073 65537 131073 65537 65537 131073 65537 131073 65537 131073 131073 131073 65537 65537 65537 65537 65537 65537 65537 131073 131073 131073 65537 65537 65537 65537 131073 131073 131073 131073 65537 65537 65537 131073 65537 131073 65537 65537 65537 131073 131073 131073 65537 131073 65537 131073 131073 65537 65537 65537 131073 131073 131073 65537 65537 65537 131073 131073 65537 131073 131073 65537 131073 131073 65537 65537 131073 65537 131073 65537 65537 65537 131073 65537 131073 131073 65537 65537 65537 131073 65537 65537 65537 131073 65537 131073 65537 131073 131073 65537 131073 131073 131073 65537 65537 131073 131073 131073 131073 65537 65537 131073 131073 131073 65537 131073 65537 131073 65537 131073 131073 131073 65537 65537 131073 65537 131073 65537 65537 131073 65537 65537 131073 131073 131073 131073 65537 65537 65537 131073 131073 65537 131073 131073 65537 131073 65537 65537 131073 131073 65537 65537 65537 131073 131073 131073 131073 65537
200
89946 17442 120726 90630 116280 122778 128592 64698 12546 86838 65190 83640 88314 92496 26826 5202 36006 27030 34680 36618 38352 82582 16014 110842 83210 106760 112726 118064 9205 1785 12355 9275 11900 12565 13160 70221 13617 94251 70755 90780 95853 100392 81267 15759 109077 81885 105060 110931 116184 342 246 102 314 35 267 309 263 51 353 265 340 359 376 120029 85272 188005 175624 13421 46470 42952 67640 136365 198657 36536 5462 83100 197383 198625 34 39201 9537 195231 61587 182536 166979 137101 60048 75459 105667 146231 42407 52261 9736 141420 163564 167805 116487 118636 122852 114323 187498 21385 173258 112405 1802 76261 184972 76654 88877 97674 114097 103831 164580 1749 141332 41986 112176 197369 30822 137916 174642 95207 14045 109239 197140 67903 149498 67724 12081 100027 93893 30923 123861 141764 160180 193075 158648 140807 13095 151523 75192 164373 143908 90699 55592 55428 70272 97706 135279 94768 76222 77776 182014 2804 122555 102999 7774 147395 5481 22116 32653 22826 114774 148243 39216 190603 5978 129063 78787 14170 77863 44046 125318 78313 131608 79005 126517 103842 132842 128718 45466 33369 33200 1551 198783 3094 9400 42362 92671 120992 148692 91552 35875 140189 81957 94158 167959 3288 116356 130808
200
0 1 0 1 1 0 1 0 0 0 0 1 1 0 0 1 1 1 0 0 1 0 1 1 1 1 1 0 1 0 0 1 1 1 0 0 1 1 1 0 0 1 1 1 1 1 1 1 0 0 1 1 0 0 0 0 0 0 1 0 0 1 0 1 0 0 0 1 0 1 0 1 0 1 0 1 1 1 0 0 0 0 1 0 1 0 0 0 1 1 0 0 0 1 1 1 0 1 0 1 0 0 1 1 0 0 1 0 0 1 0 0 1 0 1 0 0 1 0 0 0 0 0 0 0 1 1 0 0 1 1 0 0 1 0 1 1 0 1 1 0 1 1 0 0 1 0 0 0 1 1 0 1 1 1 1 0 0 1 0 0 1 0 1 0 1 0 1 0 1 1 1 1 0 1 1 1 0 0 0 1 0 1 1 1 0 0 1 1 1 0 1 0 0 1 1 0 1 1 0
200
200000 200000 200000 200000 200000 200000 200000 200000 200000 200000 200000 200000 200000 200000 200000 200000 200000 200000 200000 200000 200000 200000 200000 200000 200000 200000 200000 200000 200000 200000 200000 200000 200000 200000 200000 200000 200000 200000 200000 200000 200000 200000 200000 200000 200000 200000 200000 200000 200000 200000 200000 200000 200000 200000 200000 200000 200000 200000 200000 200000 200000 200000 200000 200000 200000 200000 200000 200000 200000 200000 200000 200000 200000 200000 200000 200000 200000 200000 200000 200000 200000 200000 200000 200000 200000 200000 200000 200000 200000 200000 200000 200000 200000 200000 200000 200000 200000 200000 200000 200000 200000 200000 200000 200000 200000 200000 200000 200000 200000 200000 200000 200000 200000 200000 200000 200000 200000 200000 200000 200000 200000 200000 200000 200000 200000 200000 200000 200000 200000 200000 200000 200000 200000 200000 200000 200000 200000 200000 200000 200000 200000 200000 200000 200000 200000 200000 200000 200000 200000 200000 200000 200000 200000 200000 200000 200000 200000 200000 200000 200000 200000 200000 200000 200000 200000 200000 200000 200000 200000 200000 200000 200000 200000 200000 200000 200000 200000 200000 200000 200000 200000 200000 200000 200000 200000 200000 200000 200000 200000 200000 200000 200000 200000 200000 200000 200000 200000 200000 200000 200000
200
32122 181242 29427 40626 166682 122844 111840 19605 120966 116338 180229 21892 75781 13797 94882 127115 174542 135120 184661 24988 140257 2588 35388 19002 59697 86477 104393 176613 75692 92894 100182 162601 175166 150590 63022 9080 60295 86593 44984 182630 123908 84073 92017 33882 169390 55373 194412 83899 56749 193025 112356 112916 181815 30833 41564 26106 15359 191173 199061 137020 99048 195195 190754 107037 98898 78076 13867 145110 26352 191257 189958 27438 131305 184217 59432 149839 44354 83356 10253 103705 44215 8612 34269 79619 43243 169831 51821 24111 67919 97898 149886 129328 179141 26889 65743 188018 45252 43650 191227 198267 126957 136016 126534 122205 180195 55179 188588 176371 117411 3399 28318 154558 185936 198189 1216 36244 142327 84942 177571 125343 34388 181673 198772 23062 83328 4535 191501 75288 60164 80044 33973 83243 67864 195592 193435 27961 160358 67040 11858 100646 575 61381 97885 79340 63859 53528 189339 139265 136138 139494 111901 135393 43384 102000 24524 35957 60847 104675 143426 11564 9175 160515 102393 45207 181747 57135 18428 70266 64272 12920 110005 118348 27275 1791 75071 133813 112849 29934 105735 13376 141828 178999 188896 77474 107586 7872 65038 156042 57591 1600 5880 27965 1852 34807 103722 24813 20531 75037 22227 102451
200
2919 8610 1407 7308 3192 3906 3192 4977 9051 6615 651 840 21128 62320 10184 52896 23104 28272 23104 36024 65512 47880 4712 6080 56712 167280 27336 141984 62016 75888 62016 96696 175848 128520 12648 16320 27661 81590 13333 69252 30248 37014 30248 47163 85769 62685 6169 7960 36974 109060 17822 92568 40432 49476 40432 63042 114646 83790 8246 10640 30997 91430 14941 77604 33896 41478 33896 52851 96113 70245 6913 8920 8479 25010 4087 21228 9272 11346 9272 14457 26291 19215 1891 2440 33499 98810 16147 83868 36632 44826 36632 57117 103871 75915 7471 9640 19043 56170 9179 47676 20824 25482 20824 32469 59047 43155 4247 5480 57268 168920 27604 143376 62624 76632 62624 97644 177572 129780 12772 16480 10286 30340 4958 25752 11248 13764 11248 17538 31894 23310 2294 2960 53932 159080 25996 135024 58976 72168 58976 91956 167228 122220 12028 15520 21 152 408 199 266 223 61 241 137 412 74 388 139 410 67 348 152 186 152 237 431 315 31 40 125712 65279 35921 45995 145266 89164 88642 44922 69542 98207 180606 44418 32537 83145 136070 93343 97506 62904 26098 46351 155592 68242 162783 76006 192431 85191 29090 104536 111873 109794 57322 168303
200
1 1 1 1 1 1 1 1 1 1 1 1 1 1 1 1 1 1 1 1 1 1 1 1 1 1 1 1 1 1 1 1 1 1 1 1 1 1 1 1 1 1 1 1 1 1 1 1 1 1 1 1 1 1 1 1 1 1 1 1 1 1 1 1 1 1 1 1 1 1 1 1 1 1 1 1 1 1 1 1 1 1 1 1 1 1 1 1 1 1 1 1 1 1 1 1 1 1 1 1 1 1 1 1 1 1 1 1 1 1 1 1 1 1 1 1 1 1 1 1 1 1 1 1 1 1 1 1 1 1 1 1 1 1 1 1 1 1 1 1 1 1 1 1 1 1 1 1 1 1 1 1 1 1 1 1 1 1 1 1 1 1 1 1 1 1 1 1 1 1 1 1 1 1 1 1 1 1 1 1 1 1 1 1 1 1 1 1 1 1 1 1 1 1 1 1 1 1 1 1
200
1 0 1 1 0 0 1 0 1 0 0 0 0 1 1 1 1 1 1 0 0 1 1 1 0 1 0 0 0 0 1 0 1 1 0 0 1 1 0 1 1 1 1 0 1 1 1 1 1 1 0 0 0 1 1 0 1 0 0 1 0 0 1 1 0 0 0 1 0 1 0 1 0 1 1 0 1 1 1 1 1 1 0 0 0 1 0 1 0 1 0 0 1 1 0 1 1 0 0 1 1 0 1 0 0 1 0 0 1 0 1 0 0 0 1 0 0 1 0 1 1 1 0 1 1 0 0 0 1 1 1 1 1 0 1 1 1 0 0 1 0 1 0 1 0 0 1 0 1 1 1 1 1 1 0 1 0 0 1 1 1 1 0 0 1 1 0 1 0 1 1 0 0 1 0 0 0 1 0 1 0 1 0 0 0 1 0 0 1 1 1 1 0 0 0 0 0 1 1 1
200
0 0 0 0 0 0 0 0 0 0 0 0 0 0 0 0 0 0 0 0 0 0 0 0 0 0 0 0 0 0 0 0 0 0 0 0 0 0 0 0 0 0 0 0 0 0 0 0 0 0 0 0 0 0 0 0 0 0 0 0 0 0 0 0 0 0 0 0 0 0 0 0 0 0 0 0 0 0 0 0 0 0 0 0 0 0 0 0 0 0 0 0 0 0 0 0 0 0 0 0 26339 450 80491 173530 192544 16928 107365 101795 89718 96081 160094 133022 44218 52532 54524 155661 112571 177581 170309 147340 64333 118639 166453 85088 144483 177310 38081 160187 15744 181679 103158 66985 109512 13102 72034 113628 159498 164826 89371 83407 196750 157108 25693 145888 86785 169431 116797 20444 172012 117268 31491 161301 198750 127483 89391 37022 37060 107343 79323 147019 171481 194754 160773 162283 170049 38893 94075 178685 172309 94327 122185 143212 195966 175903 58989 35025 27825 2385 190247 191536 98652 12296 97563 98779 93385 106315 145778 166311 175020 75359 76193 15095 53848 105329 97839 65207 142301 62150 57508 10082
200
24360 38976 39324 46168 40252 37816 7076 36960 59136 59664 70048 61072 57376 10736 53970 86352 87123 102286 89179 83782 15677 68040 108864 109836 128952 112428 105624 19764 48930 78288 78987 92734 80851 75958 14213 80430 128688 129837 152434 132901 124858 23363 43470 69552 70173 82386 71829 67482 12627 116 176 257 324 233 383 207 210 336 339 398 347 326 61 127044 25753 149792 45749 27972 172967 138055 115132 67571 74243 108379 97130 82871 198963 190446 64390 74923 175681 53747 106952 70779 156316 137236 38110 14350 108976 142080 94876 62099 191802 182770 27860 60726 94237 195258 178615 178855 148898 116035 127175 90646 165316 142174 144227 184837 18105 63430 92110 148877 85722 15609 147419 31701 61090 24804 120157 62221 108329 42383 123885 735 185785 179168 39795 91614 104757 104592 49137 75716 3354 75924 60629 49580 93037 82349 97017 39893 189405 43550 36739 21239 132202 175400 44376 136335 186647 177438 167337 91392 94966 94404 73059 32447 199933 35344 38037 158046 92765 199776 134667 134445 96679 3448 11207 91043 54265 162405 113495 196477 4932 63622 18073 17312 113179 129731 196314 41534 98806 93390 64794 50464 93814 127930 141294 151373 92270 189158 49914 79050 107115 114008 86080 11298 192260 108170 53241 96875
200
0 0 0 0 0 0 0 0 0 0 0 0 0 0 0 0 0 0 0 0 0 0 0 0 0 0 0 0 0 0 0 0 0 0 0 0 0 0 0 0 0 0 0 0 0 0 0 0 0 0 0 0 0 0 0 0 0 0 0 0 0 0 0 0 0 0 0 0 0 0 0 0 0 0 0 0 0 0 0 0 0 0 0 0 0 0 0 0 0 0 0 0 0 0 0 0 0 0 0 0 0 0 0 0 0 0 0 0 0 0 0 0 0 0 0 0 0 0 0 0 0 0 0 0 0 0 0 0 0 0 0 0 0 0 0 0 0 0 0 0 0 0 0 0 0 0 0 0 0 0 0 0 0 0 0 0 0 0 0 0 0 0 0 0 0 0 0 0 0 0 0 0 0 0 0 0 0 0 0 0 0 0 0 0 0 0 0 0 0 0 0 0 0 0 0 0 0 0 0 0
200
47322 198912 87384 56682 119001 39205 192132 20088 18500 141040 193545 49324 20075 116088 32285 94008 155026 192330 125970 145928 35556 133624 22071 127400 187718 71591 136891 71362 110330 171940 17012 185623 104851 59199 170010 87002 9496 138718 7446 52846 24882 24536 135549 32695 174909 185410 138952 59094 88574 174786 195950 141500 40012 171561 38676 161561 90986 64161 81972 53691 77950 69803 102324 65722 163100 42993 113279 196497 130452 86479 141039 10608 134258 195307 84670 97328 79941 108749 112227 16439 198006 6690 146374 66507 100996 97449 2090 174942 194892 65987 13707 189054 175264 62508 31399 62016 75330 106462 140272 10617 100958 37901 72285 139583 20703 146577 95098 77956 8687 56716 69765 164071 29009 96330 20047 11200 57661 84941 76783 176851 97202 143355 118593 146360 71037 102572 63635 157669 132932 153877 92916 43043 172562 191716 170309 179689 135231 80557 117526 53086 33806 143861 121368 109539 55696 98563 43119 149229 157311 70726 124285 92293 97475 97434 33005 41356 23916 17397 153990 81162 67461 137880 66026 156283 63703 55955 163307 31207 100630 100097 123195 20919 143280 117315 85618 12297 11 121809 76124 196457 67082 41384 176858 109122 52382 150979 118114 198432 143252 44897 21437 33394 116967 154230 81698 117817 185518 153724 93348 27369
200
6280 45180 101248 17106 3702 46605 152624 107675 93230 10847 165350 194144 12222 61314 178485 103077 156540 14989 104887 168210 173539 144177 88819 119982 65690 48608 190503 100662 9023 199525 118783 140661 87546 121237 124751 2359 199677 37329 182934 194588 122643 182249 69637 190777 45236 53261 16072 152970 122516 152163 136060 155038 58162 91774 118970 168896 73198 146272 102664 33324 128185 171250 88056 130693 104161 179044 116552 49197 10386 27142 86201 42472 23149 127383 36196 149317 106957 74068 130824 193251 56967 65396 170115 1027 175602 3182 171252 169430 81839 120448 73137 173143 14526 78691 7632 171260 4782 144688 150807 179684 121968 195818 95636 174853 180937 97200 130469 157668 133322 53211 158227 64684 177496 33795 3365 119791 16223 142915 28480 74738 3988 30099 84523 79027 151009 36841 12103 122094 83323 11038 10497 56172 148384 160606 140678 199316 142316 149566 199485 168456 188786 80630 81662 46254 54478 167789 114681 86972 111210 119894 157178 149953 134100 16479 9144 86519 111976 43870 171696 98057 195360 5546 30165 153686 165190 173080 137968 99670 137289 179026 156347 42003 124843 118683 38436 55874 78560 180117 196497 1952 148919 184092 118322 167313 11793 157003 135400 130972 103261 180351 8830 1645 100928 38539 179272 128212 180822 183174 75469 42907
200
186906 173161 90157 27928 173831 74429 69665 75453 16448 32536 130274 12823 109131 159319 26221 118035 131297 137010 152327 67340 196423 124288 140992 74538 154456 43320 77974 28811 162789 170954 54315 164754 82006 101846 130414 89498 109708 37943 143255 18686 169088 52296 175345 87800 135861 57041 87356 165354 119056 144338 6578 132347 69317 80799 31616 88808 65923 70854 62220 179052 29306 149040 43476 17521 33127 40859 12947 127255 194434 174620 186653 127956 49748 11907 34767 63365 85046 168220 81138 21827 190426 120068 74388 57934 179146 72069 18408 183359 113656 101200 113237 139363 61511 55136 134530 159167 104555 147264 190026 115908 181976 188491 45761 116538 81322 135625 65695 40681 95127 151375 126110 136151 144671 190389 118444 93645 45288 54878 116096 130410 61892 22153 143274 140 38735 183103 56054 82716 176420 123234 110357 19256 42904 176580 108492 123596 64480 62881 125697 198317 39940 197087 69756 44830 3133 60370 90930 177225 101132 154317 41832 169905 60595 188280 152057 16356 11528 86361 137995 114549 17418 12391 150127 72072 190034 167167 6191 31652 112271 70504 134135 86839 121067 93089 165651 113119 185935 69616 194607 2948 89156 43562 121453 125445 42476 30326 174583 80401 144758 136616 58106 120672 85065 190930 2502 28425 150104 113275 153334 102738
3
65537 65537 131073
200
168889 1863 156360 68844 4438 113466 11701 188192 52343 185453 169769 156220 135567 93814 132171 31933 130241 112358 35622 190438 159136 147156 132336 83577 142829 62884 187444 23559 125962 167162 68400 148688 63193 133550 70957 123532 47835 108641 20641 155734 100925 16137 76629 56360 182379 162131 133379 29970 44851 197833 74548 162272 154708 108109 26718 156211 55978 154795 87370 102437 13180 198122 107817 1537 185382 189624 150390 51947 190560 167960 174877 87646 107808 142635 72139 90477 22332 106560 160169 159949 191755 143311 157913 157665 82831 41655 27793 55795 83812 185551 189071 164689 155720 116895 50683 78274 153341 193554 56939 177006 149904 3062 177261 61909 37330 101705 112118 134723 84044 142471 89598 136180 160934 192277 171440 190802 99425 185180 153816 13499 72224 34127 113052 26096 169504 77343 63607 65536 179285 156480 55875 114050 54842 190408 138045 34583 147932 174818 109390 101662 38861 175804 184708 124657 73546 24518 191755 89133 87060 155602 128986 87263 135593 159375 122635 99866 129964 163427 94144 131731 187371 177134 111053 111030 21969 7891 81096 61261 46224 58007 17140 96571 37390 67333 169966 139338 17389 32790 184642 181127 43741 174790 129785 85129 102341 99942 20739 124823 14562 66822 108694 114187 69315 169992 137082 21384 148516 173404 133452 10880
200
21170 12357 62131 156313 158896 94686 148206 139216 160217 70977 144092 7244 27730 167575 39801 37153 145801 987 151702 62811 174710 181507 84218 170630 124246 175184 181180 183495 38596 6427 198646 143873 85987 196564 16790 9388 81625 56182 161910 131569 87693 169674 122621 87080 146289 49947 46983 179932 34746 104791 176617 65385 104274 29824 138695 54245 170134 69852 145653 154071 127430 108999 147268 16355 66893 1161 176333 182203 177619 170103 165037 90118 89233 95069 119018 195326 169967 6400 67470 26991 157253 98059 166826 142735 94597 100906 114582 143101 39453 90933 92358 95153 178979 87998 118172 163717 82322 18186 73957 80037 29589 159570 19609 101040 155111 62826 54456 38961 78795 79263 97253 50367 85519 177390 12771 136075 76495 40201 106153 110219 88922 75438 119144 20847 98710 87832 126464 106530 73187 7355 20307 107211 29666 35517 144419 115363 139569 90982 55975 66556 29542 161316 24348 90255 102007 132358 123715 49623 177602 56594 100516 114326 198511 119674 135240 167593 76383 172347 151443 138880 87159 41139 82994 17670 118695 46384 167690 102849 199575 93818 58452 199020 184002 58737 4318 81386 130423 80054 37332 193224 19103 107577 50334 153424 42913 184219 161345 122810 29305 121162 105471 5398 143180 6072 92945 197687 98691 183948 8262 196405
200
163125 53505 170955 181395 148770 164865 72645 57855 148875 48831 156021 165549 135774 150463 66299 52801 22875 7503 23973 25437 20862 23119 10187 8113 93000 30504 97464 103416 84816 93992 41416 32984 4875 1599 5109 5421 4446 4927 2171 1729 25125 8241 26331 27939 22914 25393 11189 8911 148500 48708 155628 165132 135432 150084 66132 52668 138375 45387 145017 153873 126198 139851 61623 49077 435 397 61 248 13 67 396 369 375 123 393 417 342 379 167 133 124914 93417 34080 151714 159101 82240 97007 66291 186489 124479 148615 123285 43727 145850 120301 132602 162499 191162 67803 33491 20403 18021 196949 19052 125011 95238 181140 49863 28126 149456 164539 151168 17171 180466 71756 188091 72412 99642 157965 172123 108481 24467 64809 41982 154249 185997 188585 175251 50873 143811 29694 147483 191032 76406 39661 33917 157442 55561 197226 41295 133108 47936 18260 186306 182514 122130 149061 106612 116966 146738 142604 69389 187045 184394 128706 198023 66031 188031 82620 57709 21697 72099 50649 124310 163868 70838 103446 43637 171124 113156 27791 59569 145297 129601 159413 47450 145454 191795 107434 31058 35260 173567 167515 68476 42147 44502 98388 148478 184043 57783 105613 79826 146061 190644 15455 42411 160775 808 183346 141448
200
9720 3348 10080 2160 468 468 5544 5436 11988 4860 5436 108810 37479 112840 24180 5239 5239 62062 60853 134199 54405 60853 60480 20832 62720 13440 2912 2912 34496 33824 74592 30240 33824 13500 4650 14000 3000 650 650 7700 7550 16650 6750 7550 18090 6231 18760 4020 871 871 10318 10117 22311 9045 10117 103950 35805 107800 23100 5005 5005 59290 58135 128205 51975 58135 90990 31341 94360 20220 4381 4381 51898 50887 112221 45495 50887 38880 13392 40320 8640 1872 1872 22176 21744 47952 19440 21744 31590 10881 32760 7020 1521 1521 18018 17667 38961 15795 17667 5940 2046 6160 1320 286 286 3388 3322 7326 2970 3322 57510 19809 59640 12780 2769 2769 32802 32163 70929 28755 32163 36 403 224 50 67 385 337 144 117 22 213 270 93 280 60 13 13 154 151 333 135 151 131737 196585 27076 118099 197942 102318 137390 44663 63910 142691 101573 96283 25860 11051 171339 140273 191879 156385 53467 27061 143420 30527 58471 193187 136168 153153 125734 84523 115283 123866 34034 51162 184194 74114 156893 66884 171728 59700 131467 79283 106847 96465 4897 33597 67569 149373 85276 69025 18307 174193 72253 28073 9178 192628 155651 4497 188289
200
147289 70640 178549 150884 24326 143792 57371 188530 76167 40187 95071 119655 190066 136632 181980 14326 98821 190230 66088 92929 122749 71005 29624 120375 88506 25371 23701 160440 16418 18832 3964 73111 23453 28849 42561 70835 190756 11171 994 58771 108362 88043 41295 140351 164555 59116 96883 178923 186383 80262 184427 22002 128629 45350 13819 94403 107249 59745 182690 154911 29 78498 7686 110070 162224 181326 111233 168286 169833 125703 31283 3823 199504 38949 20902 145160 15744 169942 116662 192589 29471 140120 183938 75678 139831 175137 162726 194790 142062 19540 93035 38875 161861 9579 25930 94829 162040 6354 43966 17832 87839 88496 129538 103204 127390 118466 92213 83117 8513 175096 181055 45619 11885 8665 39829 161864 177606 180480 187258 81189 159456 189877 31833 156152 2474 14363 41286 46417 61976 36798 81944 163674 94312 77667 156550 58400 159202 46461 155993 134565 91311 15073 196604 63851 168480 59230 1958 189501 47951 68407 130145 170756 134421 43748 138071 42682 164342 3398 137898 121183 107120 101833 69079 57196 120947 34939 150611 54772 128369 27985 89289 149887 4664 105486 55340 184020 33551 135067 25093 150552 136350 103405 116074 164580 5597 134319 49550 46388 7447 140364 192445 126071 181192 161158 9727 129119 92395 80075 74179 6119
200
63485 116762 179134 110298 146795 137855 173918 150827 129706 163669 58932 15320 21530 57416 177673 26512 82474 88908 30526 1247 167462 134005 116871 62113 6708 116266 67585 159113 160831 82510 65703 142845 186140 97302 120127 106989 198134 72002 97556 125039 98433 21662 183491 195776 62218 95962 19754 35611 57866 159167 40956 66967 64369 77799 198701 1642 36098 97026 4069 177779 95689 141027 76441 137489 68593 135185 190347 155981 4626 83909 18633 148999 114119 94819 79669 108933 79024 183099 15269 108177 83672 133676 30443 97268 36847 76431 81293 58301 95725 163150 104240 16944 34657 114877 55223 50290 102438 187035 76670 15476 105994 170228 116508 88376 143627 27366 104753 156083 75599 160924 47665 77037 100364 101726 152434 169872 181909 73938 83086 162164 162494 168044 45141 80592 196124 79535 4763 22497 12071 54624 8014 161310 63022 8686 149473 96833 53964 76657 50795 18874 46333 30976 33143 110047 139285 25667 32617 185875 193571 340 121052 163648 168775 94631 197227 69345 128046 540 195666 147609 140731 20087 70339 181824 435 134655 138397 196464 130296 143895 107596 70526 674 179977 197969 45628 74127 116995 13141 18147 132834 74444 195231 55715 32192 189976 64709 104013 31896 92873 177872 120803 98569 184455 2502 128441 12231 189381 53930 180568
200
968 5324 8316 9768 4862 8140 2376 6006 7084 38962 60858 71484 35581 59570 17388 43953 2596 14278 22302 26196 13039 21830 6372 16107 3872 21296 33264 39072 19448 32560 9504 24024 9020 49610 77490 91020 45305 75850 22140 55965 9504 52272 81648 95904 47736 79920 23328 58968 8360 45980 71820 84360 41990 70300 20520 51870 11748 64614 100926 118548 59007 98790 28836 72891 22 161 59 88 205 216 190 267 44 242 378 444 221 370 108 273 190641 97906 21088 149102 164626 133256 101781 79999 21319 102473 181417 16549 105024 96221 169956 77628 125994 177695 20096 58606 176206 50600 103358 52698 40292 167920 150299 901 197931 178809 159456 137343 129181 142631 36864 174822 38657 160117 163957 110850 107744 8560 138580 117181 197465 161212 70553 14073 13851 91728 51444 31619 21548 15959 103021 15566 57365 17311 20612 47187 143048 22611 33298 66820 18224 120156 115360 53297 78157 94665 105774 188365 183081 75960 1060 17927 56574 47049 121763 76864 163783 194825 68487 161997 147398 39291 195012 162668 154491 190152 188464 90517 117474 58262 173894 183788 7492 127305 130190 75019 147435 81289 69870 13230 80693 60872 116905 106329 73683 148328 126768 93941 40252 108019 170957 47793 166277 58997 172134 129791
